01000000
00001000
00000000
00001000
01000000
00001001
00000000
00000001
01000000
00001010
00000000
00000001
00101001
01001000
00000000
00001011
00000000
00001010
01110000
00000000
00000000
00001110
01101000
00000000
00000001
11000001
01100000
00000001
00110001
10001011
00000000
00000000
00110001
10101110
00000000
00000000
00100001
11001011
00000000
00000011
00101101
10001110
00000000
00000000
00101101
10101011
00000000
00000000
00000000
00000000
01001000
00000000
01000001
01001010
00000000
00000001
00000100
00000000
00000000
00000011
00101000
00101001
00000000
00000010
00000001
00000001
01000000
00000001
00000100
00000000
00000000
00000001